[[[ 1.00000000e+00  0.00000000e+00  0.00000000e+00 ...  0.00000000e+00
    0.00000000e+00  0.00000000e+00]
  [ 1.00000000e+00  1.34006373e+00  1.00000000e+00 ...  1.00000000e+00
    1.00000000e+00  1.00000000e+00]
  [ 1.00000000e+00  1.35277261e+00  1.00000000e+00 ...  1.00000000e+00
    1.00000000e+00  1.00000000e+00]
  ...
  [ 1.00000000e+00  1.35277261e+00  1.00000000e+00 ...  1.00000000e+00
    1.00000000e+00  1.00000000e+00]
  [ 1.00000000e+00  1.34006373e+00  1.00000000e+00 ...  1.00000000e+00
    1.00000000e+00  1.00000000e+00]
  [ 1.00000000e+00  0.00000000e+00  0.00000000e+00 ...  0.00000000e+00
    0.00000000e+00  0.00000000e+00]]

 [[ 1.81004895e+03  0.00000000e+00  0.00000000e+00 ...  0.00000000e+00
    0.00000000e+00 -0.00000000e+00]
  [ 1.81004895e+03  4.68444092e+02  0.00000000e+00 ...  0.00000000e+00
   -4.69708807e+02  4.69708807e+02]
  [ 1.81004895e+03  4.81385452e+02  0.00000000e+00 ...  0.00000000e+00
   -4.67355710e+02  4.67355710e+02]
  ...
  [ 1.81004895e+03  4.81385452e+02  0.00000000e+00 ...  0.00000000e+00
   -4.67355710e+02  4.67355710e+02]
  [ 1.81004895e+03  4.68444092e+02  0.00000000e+00 ...  0.00000000e+00
   -4.69708807e+02  4.69708807e+02]
  [ 1.81004895e+03  0.00000000e+00  0.00000000e+00 ...  0.00000000e+00
    0.00000000e+00 -0.00000000e+00]]

 [[ 0.00000000e+00  0.00000000e+00  0.00000000e+00 ...  0.00000000e+00
    0.00000000e+00 -0.00000000e+00]
  [ 0.00000000e+00 -2.05974424e+01  0.00000000e+00 ...  0.00000000e+00
    5.37251186e+03 -5.37251186e+03]
  [ 0.00000000e+00 -2.08724388e+01  0.00000000e+00 ...  0.00000000e+00
    5.34536623e+03 -5.34536623e+03]
  ...
  [ 0.00000000e+00  2.08724388e+01  0.00000000e+00 ...  0.00000000e+00
   -5.34536623e+03  5.34536623e+03]
  [ 0.00000000e+00  2.05974424e+01  0.00000000e+00 ...  0.00000000e+00
   -5.37251186e+03  5.37251186e+03]
  [ 0.00000000e+00  0.00000000e+00  0.00000000e+00 ...  0.00000000e+00
    0.00000000e+00 -0.00000000e+00]]

 [[ 2.26500000e+02  0.00000000e+00  0.00000000e+00 ...  0.00000000e+00
    0.00000000e+00  9.51300000e+02]
  [ 2.26500000e+02  5.06634185e+02  0.00000000e+00 ...  0.00000000e+00
   -2.02679513e+04  9.51300000e+02]
  [ 2.26500000e+02  5.16289503e+02  0.00000000e+00 ...  0.00000000e+00
   -2.00636665e+04  9.51300000e+02]
  ...
  [ 2.26500000e+02  5.16289503e+02  0.00000000e+00 ...  0.00000000e+00
   -2.00636665e+04  9.51300000e+02]
  [ 2.26500000e+02  5.06634185e+02  0.00000000e+00 ...  0.00000000e+00
   -2.02679513e+04  9.51300000e+02]
  [ 2.26500000e+02  0.00000000e+00  0.00000000e+00 ...  0.00000000e+00
    0.00000000e+00  9.51300000e+02]]]
[[ 3.44614583  3.42108122  3.39804198 ... 32.79993519 34.54616276
  36.38606226]
 [ 3.57397898  3.54839742  3.52485706 ... 32.63926657 34.36114819
  36.17480065]
 [ 3.70892634  3.68282282  3.65877681 ... 32.49385622 34.19205623
  35.98017946]
 ...
 [ 3.70892634  3.68282282  3.65877681 ... 32.49385622 34.19205623
  35.98017946]
 [ 3.57397898  3.54839742  3.52485706 ... 32.63926657 34.36114819
  36.17480065]
 [ 3.44614583  3.42108122  3.39804198 ... 32.79993519 34.54616276
  36.38606226]]